0.3343 4.7625
0.2842 3.7023
0.5684 2.8440
0.3343 2.3223
0.3678 1.6324
0.0000 0.9929
0.1672 0.0841
0.5516 0.0168
0.6352 0.0841
0.6687 0.2356
0.5015 0.3702
0.4513 0.7741
0.8693 0.9087
1.2537 1.2790
1.4042 0.9761
1.3707 0.6900
2.0728 0.0841
2.4406 0.0505
2.5743 0.3029
2.3904 0.4544
2.2233 0.4544
1.9893 0.7068
2.2066 1.4977
3.1427 1.5146
3.1761 0.8414
2.8752 0.4207
2.8752 0.1683
3.0925 0.0168
3.2597 0.1010
3.2263 0.3029
3.5272 0.5722
3.7946 1.2453
4.3463 0.0337
4.8310 0.0000
4.8979 0.2188
4.5301 0.4375
4.3964 1.4136
5.0651 3.0796
5.5164 3.2311
5.6000 3.4835
5.5666 3.6518
4.9815 4.0725
4.9815 4.2744
4.8812 4.2913
4.7809 4.1566
4.7140 4.3081
4.5970 4.3417
4.4466 3.9379
3.6609 3.2479
1.0030 3.2479
0.6854 3.7359
0.7021 4.4595
1.4376 5.0485
1.2203 5.2000
0.3343 4.7625