0.2255 4.0084
0.1754 3.5324
0.5511 3.3820
0.0000 3.2693
0.2129 3.0814
0.5637 3.0939
0.5136 2.4426
0.6514 2.2547
1.0647 2.2923
1.8789 1.2025
2.1545 1.2150
2.3424 0.6514
2.1921 0.0000
2.8058 0.0000
2.8559 1.3278
3.7578 1.2777
4.4969 1.6033
4.8727 0.8518
4.4969 0.0125
4.9353 0.0125
5.2985 1.0522
5.4489 0.6138
5.1983 0.0125
5.6242 0.0125
5.7996 1.1399
5.6743 1.8789
6.0000 2.8935
5.8873 3.3069
5.1357 3.4823
3.3445 3.4071
2.5428 3.6200
1.7912 3.4823
1.8664 3.8580
1.6785 4.1211
1.6660 3.5699
0.5010 3.5198
0.2505 3.6827
0.3507 4.1086
0.2255 4.0084